0.000 -2.000 0.000 0.000 -2.000 0.000 0.000 -2.000 0.000 0.000 30.374 -19.574 65.436 30.374 -7.452 65.436 30.374 3.796 65.436 -2.000 0.000 0.000
1.000 -2.000 0.000 0.000 -2.000 0.000 0.000 -3.343 3.928 0.000 30.374 -19.574 65.436 30.374 -7.452 65.436 30.374 3.796 65.436 -2.000 0.000 0.000
2.000 -2.000 0.000 0.000 -2.000 0.000 0.000 -5.990 11.228 0.000 30.374 -19.574 65.436 30.374 -7.452 65.436 30.374 3.796 65.436 -2.000 0.000 0.000
3.000 -2.000 0.000 0.000 -2.000 0.000 0.000 -7.865 15.176 0.000 30.374 -19.574 65.436 30.374 -7.452 65.436 30.374 3.796 65.436 -2.000 0.000 0.000
4.000 -2.000 0.000 0.000 -2.000 0.000 0.000 -8.643 15.204 0.000 30.374 -19.574 65.436 30.374 -7.452 65.436 30.374 3.796 65.436 -2.000 0.000 0.000
5.000 -2.000 0.000 0.000 -2.000 0.000 0.000 -9.382 15.230 0.000 30.374 -19.574 65.436 30.374 -7.452 65.436 30.374 3.796 65.436 -2.000 0.000 0.000
6.000 -2.000 0.000 0.000 -2.000 0.000 0.000 -10.083 15.256 0.000 30.374 -19.574 65.436 30.374 -7.452 65.436 30.374 3.796 65.436 -2.000 0.000 0.000
7.000 -2.000 0.000 0.000 -2.000 0.000 0.000 -10.747 15.280 0.000 30.374 -19.574 65.436 30.374 -7.452 65.436 30.374 3.796 65.436 -2.000 0.000 0.000
8.000 -2.000 0.000 0.000 -2.000 0.000 0.000 -11.376 15.303 0.000 30.374 -19.574 65.436 30.374 -7.452 65.436 30.374 3.796 65.436 -2.000 0.000 0.000
9.000 -2.000 0.000 0.000 -2.000 0.000 0.000 -11.969 15.324 0.000 30.374 -19.574 65.436 30.374 -7.452 65.436 30.374 3.796 65.436 -2.000 0.000 0.000
10.000 -2.000 0.000 0.000 -2.000 0.000 0.000 -12.529 15.344 0.000 30.374 -19.574 65.436 30.374 -7.452 65.436 30.374 3.796 65.436 -2.000 0.000 0.000
11.000 -2.000 0.000 0.000 -2.000 0.000 0.000 -13.055 15.363 0.000 30.374 -19.574 65.436 30.374 -7.452 65.436 30.374 3.796 65.436 -2.000 0.000 0.000
12.000 -2.000 0.000 0.000 -2.000 0.000 0.000 -13.550 15.381 0.000 30.374 -19.574 65.436 30.374 -7.452 65.436 30.374 3.796 65.436 -2.000 0.000 0.000
13.000 -2.000 0.000 0.000 -2.000 0.000 0.000 -14.014 15.398 0.000 30.374 -19.574 65.436 30.374 -7.452 65.436 30.374 3.796 65.436 -2.000 0.000 0.000
14.000 -2.000 0.000 0.000 -2.000 0.000 0.000 -14.448 15.414 0.000 30.374 -19.574 65.436 30.374 -7.452 65.436 30.374 3.796 65.436 -2.000 0.000 0.000
15.000 -2.000 0.000 0.000 -2.000 0.000 0.000 -14.853 15.428 0.000 30.374 -19.574 65.436 30.374 -7.452 65.436 30.374 3.796 65.436 -2.000 0.000 0.000
16.000 -2.000 0.000 0.000 -2.000 0.000 0.000 -15.230 15.442 0.000 30.374 -19.574 65.436 30.374 -7.452 65.436 30.374 3.796 65.436 -2.000 0.000 0.000
17.000 -2.000 0.000 0.000 -6.253 0.000 0.000 -15.580 15.455 0.000 30.374 -19.574 65.436 30.374 -7.452 65.436 30.374 3.796 65.436 -2.000 0.000 0.000
18.000 -2.000 0.000 0.000 -14.150 0.000 0.000 -15.904 15.466 0.000 30.374 -19.574 65.436 30.374 -7.452 65.436 30.374 3.796 65.436 -2.000 0.000 0.000
19.000 -2.000 0.000 0.000 -18.403 0.000 0.000 -16.204 15.477 0.000 30.374 -19.574 65.436 30.374 -7.452 65.436 30.374 3.796 65.436 -2.000 0.000 0.000
20.000 -2.000 0.000 0.000 -18.403 0.002 0.000 -16.479 15.487 0.000 30.374 -19.574 65.436 30.374 -7.452 65.436 30.374 3.796 65.436 -2.000 0.000 0.000
21.000 -2.000 0.000 0.000 -18.403 0.013 0.000 -16.732 15.496 0.000 30.374 -19.574 65.436 30.374 -7.452 65.436 30.374 3.796 65.436 -2.000 0.000 0.000
22.000 -2.000 0.000 0.000 -18.403 0.044 0.000 -16.962 15.505 0.000 30.374 -19.574 65.436 30.374 -7.452 65.436 30.374 3.796 65.436 -2.000 0.000 0.000
23.000 -2.000 0.000 0.000 -18.403 0.104 0.000 -17.172 15.512 0.000 30.374 -19.574 65.436 30.374 -7.452 65.436 30.374 3.796 65.436 -2.000 0.000 0.000
24.000 -2.000 0.000 0.000 -18.403 0.203 0.000 -17.361 15.519 0.000 30.374 -19.574 65.436 30.374 -7.452 65.436 30.374 3.796 65.436 -2.000 0.000 0.000
25.000 -2.000 0.000 0.000 -18.403 0.351 0.000 -17.532 15.525 0.000 30.374 -19.574 65.436 30.374 -7.452 65.436 30.374 3.796 65.436 -2.000 0.000 0.000
26.000 -2.000 0.000 0.000 -18.403 0.558 0.000 -17.685 15.531 0.000 30.374 -19.574 65.436 30.374 -7.452 65.436 30.374 3.796 65.436 -2.000 0.000 0.000
27.000 -2.000 0.000 0.000 -18.403 0.833 0.000 -17.821 15.536 0.000 30.374 -19.574 65.436 30.374 -7.452 65.436 30.374 3.796 65.436 -2.000 0.000 0.000
28.000 -2.000 0.000 0.000 -18.403 1.186 0.000 -17.940 15.540 0.000 30.374 -19.574 65.436 30.374 -7.452 65.436 30.374 3.796 65.436 -2.000 0.000 0.000
29.000 -2.000 0.000 0.000 -18.403 1.627 0.000 -18.045 15.544 0.000 30.374 -19.574 65.436 30.374 -7.452 65.436 30.374 3.796 65.436 -2.000 0.000 0.000
30.000 -2.000 0.000 0.000 -18.403 2.165 0.000 -18.136 15.547 0.000 30.374 -19.574 65.436 30.374 -7.452 65.436 30.374 3.796 65.436 -2.000 0.000 0.000
31.000 -2.000 0.000 0.000 -18.403 2.811 0.000 -18.214 15.550 0.000 30.374 -19.574 65.436 30.374 -7.452 65.436 30.374 3.796 65.436 -2.000 0.000 0.000
32.000 -2.000 0.000 0.000 -18.403 3.574 0.000 -18.280 15.552 0.000 30.374 -19.574 65.436 30.374 -7.452 65.436 30.374 3.796 65.436 -2.000 0.000 0.000
33.000 -2.000 0.000 0.000 -18.403 4.464 0.000 -18.335 15.554 0.000 30.374 -19.574 65.436 30.374 -7.452 65.436 30.374 3.796 65.436 -2.000 0.000 0.000
34.000 -2.000 0.000 0.000 -18.403 5.490 0.000 -18.380 15.556 0.000 30.374 -19.574 65.436 30.374 -7.452 65.436 30.374 3.796 65.436 -2.000 0.000 0.000
35.000 -2.000 0.000 0.000 -18.403 6.663 0.000 -18.416 15.557 0.000 23.555 -19.574 65.436 23.555 -7.452 65.436 23.555 3.796 65.436 -8.819 0.000 0.000
36.000 -2.000 0.000 0.000 -18.403 7.992 0.000 -18.444 15.558 0.000 10.892 -19.574 65.436 10.892 -7.452 65.436 10.892 3.796 65.436 -21.482 0.000 0.000
37.000 -2.000 0.000 0.000 -18.403 9.487 0.000 -18.465 15.559 0.000 4.073 -19.574 65.436 4.073 -7.452 65.436 4.073 3.796 65.436 -28.300 0.000 0.000
38.000 -2.000 0.000 0.000 -18.403 11.157 0.000 -18.480 15.560 0.000 4.073 -16.880 65.436 4.073 -4.957 65.436 4.073 7.616 65.436 -28.300 2.694 0.000
39.000 -2.000 0.000 0.000 -18.403 13.014 0.000 -18.491 15.560 0.000 4.073 -10.839 65.436 4.073 0.886 65.436 4.073 14.784 65.436 -28.300 8.735 0.000
40.000 -2.000 0.000 0.000 -18.403 15.065 0.000 -18.497 15.560 0.000 4.073 -4.509 65.436 4.073 7.612 65.436 4.073 18.861 65.436 -28.300 15.065 0.000
41.000 -2.000 0.000 0.000 -18.403 18.697 0.000 -18.500 15.560 0.000 4.073 -0.202 65.436 4.073 13.109 65.436 1.316 19.046 65.436 -28.300 19.372 0.000
42.000 -2.000 0.000 0.000 -18.403 23.189 0.000 -18.501 15.560 0.000 4.073 2.762 65.436 4.073 16.669 65.436 -3.806 19.061 65.436 -28.300 22.336 0.000
43.000 -2.000 0.000 0.000 -18.403 25.386 0.000 -18.501 15.560 0.000 4.073 5.813 65.436 4.073 17.934 65.436 -6.563 19.246 65.436 -28.300 25.386 0.000
44.000 -2.000 0.000 0.000 -21.160 25.386 0.000 -18.501 15.560 0.000 4.073 9.839 65.436 1.316 17.934 65.436 -6.563 84.657 65.436 -28.300 29.413 0.000
45.000 -2.000 0.000 0.000 -26.282 25.386 0.000 -18.501 15.560 0.000 4.073 13.578 65.436 -3.806 17.934 65.436 -6.563 205.731 65.436 -28.300 33.152 0.000
46.000 -2.000 0.000 0.000 -29.039 25.386 0.000 -18.501 15.560 0.000 4.073 15.225 65.436 -6.563 17.934 65.436 -6.563 270.885 65.436 -28.300 34.798 0.000
47.000 -2.000 0.000 0.000 -29.039 25.386 0.000 -18.501 15.560 0.000 1.216 15.225 65.436 -6.563 85.690 65.436 -6.563 270.885 65.436 -28.300 34.798 0.000
48.000 -2.000 0.000 0.000 -29.039 25.386 0.000 -18.501 15.560 0.000 -4.091 15.225 65.436 -6.563 211.521 65.436 -6.563 270.885 65.436 -28.300 34.798 0.000
49.000 -2.000 0.000 0.000 -29.039 25.386 0.000 -18.501 15.560 0.000 -6.948 15.225 65.436 -6.563 279.277 65.436 -6.563 270.885 65.436 -28.300 34.798 0.000
50.000 -2.000 0.000 0.000 -29.039 25.386 0.000 -18.501 15.560 0.000 -6.948 86.670 65.436 -6.563 279.277 65.436 -6.563 270.885 65.436 -28.300 34.798 0.000
51.000 -2.000 0.000 0.000 -29.039 25.386 0.000 -18.501 15.560 0.000 -6.948 219.354 65.436 -6.563 279.277 65.436 -6.563 270.885 65.436 -28.300 34.798 0.000
52.000 -2.000 0.000 0.000 -29.039 25.386 0.000 -18.501 15.560 0.000 -6.948 290.799 65.436 -6.563 279.277 65.436 -6.563 270.885 65.436 -28.300 34.798 0.000
53.000 -2.000 0.000 0.000 -29.039 25.386 0.000 -18.501 15.560 0.000 -6.948 290.799 65.436 -6.563 279.277 65.436 -6.563 270.885 65.436 -28.300 34.798 0.000
54.000 -2.000 0.000 0.000 -29.039 25.386 0.000 -18.501 15.560 0.000 -6.948 290.799 65.436 -6.563 279.277 65.436 -6.563 270.885 65.436 -28.300 34.798 0.000
55.000 -2.000 0.000 0.000 -29.039 25.386 0.000 -18.501 15.560 0.000 -6.948 290.799 65.436 -6.563 279.277 65.436 -6.563 270.885 65.436 -28.300 34.798 0.000
56.000 -2.000 0.000 0.000 -29.039 25.386 0.000 -18.501 15.560 0.000 -6.948 290.799 65.436 -6.563 279.277 65.436 -6.563 270.885 65.436 -28.300 34.798 0.000
57.000 -2.000 0.000 0.000 -29.039 25.386 0.000 -18.501 15.560 0.000 -6.948 290.799 65.436 -6.563 279.277 65.436 -6.563 270.885 65.436 -28.300 34.798 0.000
58.000 -2.000 0.000 0.000 -29.039 25.386 0.000 -18.501 15.560 0.000 -6.948 290.799 65.436 -6.563 279.277 65.436 -6.563 270.885 65.436 -28.300 34.798 0.000
59.000 -2.000 0.000 0.000 -29.039 25.386 0.000 -18.501 15.560 0.000 -6.948 290.799 65.436 -6.563 279.277 65.436 -6.563 270.885 65.436 -28.300 34.798 0.000
60.000 -2.000 0.000 0.000 -29.039 25.386 0.000 -18.501 15.560 0.000 -6.948 290.799 65.436 -6.563 279.277 65.436 -6.563 270.885 65.436 -28.300 34.798 0.000
61.000 -2.000 0.000 0.000 -29.039 25.386 0.000 -18.501 15.560 0.000 -6.948 290.799 65.436 -6.563 279.277 65.436 -6.563 270.885 65.436 -28.300 34.798 0.000
62.000 -2.000 0.000 0.000 -29.039 25.386 0.000 -18.501 15.560 0.000 -6.948 290.799 65.436 -6.563 279.277 65.436 -6.563 270.885 65.436 -28.300 34.798 0.000
63.000 -2.000 0.000 0.000 -29.039 25.386 0.000 -18.501 15.560 0.000 -6.948 290.799 65.436 -6.563 279.277 65.436 -6.563 270.885 65.436 -28.300 34.798 0.000
64.000 -2.000 0.000 0.000 -29.039 25.386 0.000 -18.501 15.560 0.000 -6.948 290.799 65.436 -6.563 279.277 65.436 -6.563 270.885 65.436 -28.300 34.798 0.000
65.000 -2.000 0.000 0.000 -29.039 25.386 0.000 -18.501 15.560 0.000 -6.948 290.799 65.436 -6.563 279.277 65.436 -6.563 270.885 65.436 -28.300 34.798 0.000
66.000 -2.000 0.000 0.000 -29.039 25.386 0.000 -18.501 15.560 0.000 -6.948 290.799 65.436 -6.563 279.277 65.436 -6.563 270.885 65.436 -28.300 34.798 0.000
67.000 -2.000 0.000 0.000 -29.039 25.386 0.000 -18.501 15.560 0.000 -6.948 290.799 65.436 -6.563 279.277 65.436 -6.563 270.885 65.436 -28.300 34.798 0.000
68.000 -2.000 0.000 0.000 -29.039 25.386 0.000 -18.501 15.560 0.000 -6.948 290.799 65.436 -6.563 279.277 65.436 -6.563 270.885 65.436 -28.300 34.798 0.000
69.000 -2.000 0.000 0.000 -29.039 25.386 0.000 -18.501 15.560 0.000 -6.948 290.799 65.436 -6.563 279.277 65.436 -6.563 270.885 65.436 -28.300 34.798 0.000
70.000 -2.000 0.000 0.000 -29.039 25.386 0.000 -18.501 15.560 0.000 -6.948 290.799 65.436 -6.563 279.277 65.436 -6.563 270.885 65.436 -28.300 34.798 0.000
71.000 -2.000 0.000 0.000 -29.039 25.386 0.000 -18.501 15.560 0.000 -6.948 290.799 65.436 -6.563 279.277 65.436 -6.563 270.885 65.436 -28.300 34.798 0.000
72.000 -2.000 0.000 0.000 -29.039 25.386 0.000 -18.501 15.560 0.000 -6.948 290.799 65.436 -6.563 279.277 65.436 -6.563 270.885 65.436 -28.300 34.798 0.000
73.000 -2.000 0.000 0.000 -29.039 25.386 0.000 -18.501 15.560 0.000 -6.948 290.799 65.436 -6.563 279.277 65.436 -6.563 270.885 65.436 -28.300 34.798 0.000
74.000 -2.000 0.000 0.000 -29.039 25.386 0.000 -18.501 15.560 0.000 -6.948 290.799 65.436 -6.563 279.277 65.436 -6.563 270.885 65.436 -28.300 34.798 0.000
75.000 -2.000 0.000 0.000 -29.039 25.386 0.000 -18.501 15.560 0.000 -6.948 290.799 65.436 -6.563 279.277 65.436 -6.563 270.885 65.436 -28.300 34.798 0.000
76.000 -2.000 0.000 0.000 -29.039 25.386 0.000 -18.501 15.560 0.000 -6.948 290.799 65.436 -6.563 279.277 65.436 -6.563 270.885 65.436 -28.300 34.798 0.000
77.000 -2.000 0.000 0.000 -29.039 25.386 0.000 -18.501 15.560 0.000 -6.948 290.799 65.436 -6.563 279.277 65.436 -6.563 270.885 65.436 -28.300 34.798 0.000
78.000 -2.000 0.000 0.000 -29.039 25.386 0.000 -18.501 15.560 0.000 -6.948 290.799 65.436 -6.563 279.277 65.436 -6.563 270.885 65.436 -28.300 34.798 0.000
79.000 -2.000 0.000 0.000 -29.039 25.386 0.000 -18.501 15.560 0.000 -6.948 290.799 65.436 -6.563 279.277 65.436 -6.563 270.885 65.436 -28.300 34.798 0.000
80.000 -2.000 0.000 0.000 -29.039 25.386 0.000 -18.501 15.560 0.000 -6.948 290.799 65.436 -6.563 279.277 65.436 -6.563 270.885 65.436 -28.300 34.798 0.000
81.000 -2.000 0.000 0.000 -29.039 25.386 0.000 -18.501 15.560 0.000 -6.948 290.799 65.436 -6.563 279.277 65.436 -6.563 270.885 65.436 -28.300 34.798 0.000
82.000 -2.000 0.000 0.000 -29.039 25.386 0.000 -18.501 15.560 0.000 -6.948 290.799 65.436 -6.563 279.277 65.436 -6.563 270.885 65.436 -28.300 34.798 0.000
83.000 -2.000 0.000 0.000 -29.039 25.386 0.000 -18.501 15.560 0.000 -6.948 290.799 65.436 -6.563 279.277 65.436 -6.563 270.885 65.436 -28.300 34.798 0.000
84.000 -2.000 0.000 0.000 -29.039 25.386 0.000 -18.501 15.560 0.000 -6.948 290.799 65.436 -6.563 279.277 65.436 -6.563 270.885 65.436 -28.300 34.798 0.000
85.000 -2.000 0.000 0.000 -29.039 25.386 0.000 -18.501 15.560 0.000 -6.948 290.799 65.436 -6.563 279.277 65.436 -6.563 270.885 65.436 -28.300 34.798 0.000
86.000 -2.000 0.000 0.000 -29.039 25.386 0.000 -18.501 15.560 0.000 -6.948 290.799 65.436 -6.563 279.277 65.436 -6.563 270.885 65.436 -28.300 34.798 0.000
87.000 -2.000 0.000 0.000 -29.039 25.386 0.000 -18.501 15.560 0.000 -6.948 290.799 65.436 -6.563 279.277 65.436 -6.563 270.885 65.436 -28.300 34.798 0.000
88.000 -2.000 0.000 0.000 -29.039 25.386 0.000 -18.501 15.560 0.000 -6.948 290.799 65.436 -6.563 279.277 65.436 -6.563 270.885 65.436 -28.300 34.798 0.000
89.000 -2.000 0.000 0.000 -29.039 25.386 0.000 -18.501 15.560 0.000 -6.948 290.799 65.436 -6.563 279.277 65.436 -6.563 270.885 65.436 -28.300 34.798 0.000
90.000 -2.000 0.000 0.000 -29.039 25.386 0.000 -18.501 15.560 0.000 -6.948 290.799 65.436 -6.563 279.277 65.436 -6.563 270.885 65.436 -28.300 34.798 0.000
91.000 -2.000 0.000 0.000 -29.039 25.386 0.000 -18.501 15.560 0.000 -6.948 290.799 65.436 -6.563 279.277 65.436 -6.563 270.885 65.436 -28.300 34.798 0.000
